"","AK","AL","AR","AZ","CA","CO","CT","DC","DE","FL","GA","HI","IA","ID","IL","IN","KS","KY","LA","MA","MD","ME","MI","MN","MO","MS","MT","NC","ND","NE","NH","NJ","NM","NV","NY","OH","OK","OR","PA","RI","SC","SD","TN","TX","UT","VA","VT","WA","WI","WV","WY"
"AK",1.06230543991992,0.53650425699255,0.729271900008688,0.659251568353221,0.27463688343997,0.685999047816966,0.316488242418527,0.269904542888062,0.300319445385234,0.347622122990238,0.251249940379272,0.270499282665864,0.796475389925068,0.875876918983711,0.337728766103742,0.776678045888235,0.850708969747305,0.782283797312514,0.364936532855333,0.308873977186907,0.218671985945606,0.623894182517066,0.599198377381463,0.725198831237849,0.725815372027348,0.382035608036694,0.798087449831553,0.546627294077991,0.870825668698886,0.818609400272881,0.602970965872774,0.221237131933327,0.427846935353446,0.439524521089025,0.226750223606729,0.643060245002127,0.847067311785784,0.769830003989673,0.582216338877568,0.480558260553592,0.451158046633847,0.877310117271434,0.68199737722578,0.468556578029241,0.734699529272229,0.362006964521942,0.557352949338008,0.692857941829489,0.704259747377514,0.76765837858749,0.871251614954931
"AL",0.53650425699255,1.03760895641386,0.97576451927366,0.259605221765315,0.253368416470639,0.341222159446726,0.259480807013494,0.252363837473222,0.608312473028422,0.481420499390372,0.853148581731217,0.267263184694953,0.742814180218857,0.715356364133018,0.267735550025563,0.848598498719305,0.790331224665292,0.894980154824625,0.93746907384019,0.235945246457397,0.262708571096602,0.616704005451247,0.75060600299999,0.635268674001472,0.86904643745345,0.941995878534516,0.737777335211125,0.985609975548943,0.755459257422639,0.68793021354124,0.538078862423495,0.226893368775254,0.239169644974321,0.235891944397664,0.225239950190247,0.778284236221453,0.862317075646739,0.576080405782051,0.657594083474118,0.296033895532136,1.00497990856433,0.780003608929397,0.963748104020634,0.248032473584824,0.338871811639699,0.668762355462119,0.472332349726004,0.356348449162385,0.668733513714229,0.879539286429413,0.802525204012564
"AR",0.729271900008688,0.97576451927366,1.02395405717304,0.358839809107075,0.247016145031171,0.495889173324799,0.27571878910418,0.260264144056096,0.571753484915239,0.477937941604249,0.727439188698182,0.257736501899553,0.850706396283217,0.844124456878525,0.323186204106371,0.934396397254104,0.914861043444864,0.97668221794792,0.838944375422172,0.254605301335414,0.2469429904483,0.68454636480563,0.793008807203597,0.745715019698789,0.933606758437401,0.841893584898089,0.843734286822654,0.967795784283325,0.880005387506717,0.805225428504509,0.616436140942151,0.228245272153111,0.244330829468201,0.258533550210763,0.227190262536222,0.829685188277015,0.951884580363256,0.712549250246367,0.712677578322675,0.375391541694799,0.937056767563191,0.906318247857645,1.00120440338387,0.244137043693322,0.474644133338331,0.652970441083157,0.545107879844482,0.49896028404551,0.76038417072148,0.953387702219815,0.917587328575539
"AZ",0.659251568353221,0.259605221765315,0.358839809107075,1.0553609457651,0.701246723406341,0.705506454659083,0.642694976228128,0.250274072080714,0.442892966530796,0.705082646955125,0.223255125938822,0.584106996608349,0.552272106001161,0.616211440031335,0.712703323986082,0.527721343593634,0.497379408088634,0.466068912727313,0.249435175227706,0.626391595376917,0.261316273745383,0.536278475944451,0.566490061933491,0.576811982596031,0.479553373315741,0.236001524664253,0.52188197021307,0.287538916051882,0.505164182608538,0.607316838308051,0.556394785462248,0.668479867120431,0.729133796119945,0.968703318993306,0.669544031549853,0.567593269198541,0.489109277062191,0.701384417524324,0.621803773818041,0.770116982641915,0.257627618009448,0.518638421051887,0.363400882564929,0.684543056855069,0.653815561725148,0.341571758801079,0.477845408724225,0.814493635746343,0.607865858935914,0.489079617643435,0.506557898673743
"CA",0.27463688343997,0.253368416470639,0.247016145031171,0.701246723406341,1.05154105493551,0.332054819319684,0.373765163628811,0.393515260144677,0.254241538319286,0.403898191753994,0.245149829946524,0.899414332979716,0.235597206096044,0.239955716103093,0.445392397595128,0.239267079674265,0.243261414111099,0.242454735413384,0.246101185596093,0.411475288711904,0.277657286857721,0.250953991006335,0.254426149282394,0.256073733992742,0.238282769435277,0.276067495410577,0.2358801218216,0.247557113914661,0.238727307978138,0.240178781632499,0.262236472204114,0.650021190833644,0.811247614476275,0.762181223530437,0.69414561449947,0.252176955558116,0.265512346203666,0.270553214726625,0.269205887564335,0.403250335850424,0.254630779398628,0.239670436858912,0.246529860957702,0.730669236191167,0.27708329480709,0.247365808313212,0.25287331041694,0.385195135494126,0.256422922094959,0.239816084098465,0.239685868141825
"CO",0.685999047816966,0.341222159446726,0.495889173324799,0.705506454659083,0.332054819319684,1.0188291096954,0.686875248009504,0.246366956466191,0.43407161200414,0.459205538084198,0.232563233475743,0.249139061090021,0.742922827798374,0.78264967108054,0.690784454274974,0.690200070975543,0.769852975993121,0.642883715633512,0.251633228258697,0.754692790768048,0.265173309484742,0.679065195845953,0.670786915579506,0.854162069864112,0.681775579037611,0.249873899573168,0.739833938565755,0.437994677690807,0.74320868308583,0.814150951389134,0.761766433488499,0.532848802801424,0.287148194343247,0.479018554956784,0.499634173435683,0.701419264902577,0.600839642742583,0.880254686071498,0.741039008280165,0.777028275565185,0.316935587127334,0.724596002657931,0.541021678921239,0.291999472213589,0.794085613296797,0.652345747532507,0.663850912056071,0.928115692557464,0.759470870393765,0.628685445719332,0.70483014945739
"CT",0.316488242418527,0.259480807013494,0.27571878910418,0.642694976228128,0.373765163628811,0.686875248009504,1.05383925891108,0.271968201716382,0.809590072367872,0.750793560267331,0.236700498153155,0.329554507941998,0.586323993385075,0.496989933692392,0.896148023590942,0.454128119050426,0.404992035881888,0.395641318772479,0.250144303128733,0.988637851945871,0.566871361298888,0.778353687299131,0.70038896718694,0.699511257141553,0.483260261411036,0.221100827077254,0.588630975034963,0.332141198065423,0.458271945464215,0.576322210398864,0.842843498538712,0.850201770046939,0.356227750723589,0.593702225850513,0.755844563584403,0.643494461092187,0.247114187333845,0.721648389231621,0.798302134532291,0.970547519069699,0.287849489843282,0.469569481951195,0.302980708128297,0.245145105354771,0.505014357552744,0.736520620585616,0.832006644387957,0.831163108222066,0.726215705939431,0.458721664297297,0.437333117597181
"DC",0.269904542888062,0.252363837473222,0.260264144056096,0.250274072080714,0.393515260144677,0.246366956466191,0.271968201716382,1.02551295912887,0.27733030976961,0.252731854518784,0.256778982163917,0.308374501939169,0.244672234068079,0.249084543327173,0.310143891882549,0.245872114581823,0.256890008294808,0.253009072426396,0.249424640648517,0.360236237628368,0.764334122339808,0.236093886277244,0.240689515021262,0.238039924652974,0.243730855531986,0.235981520695603,0.249329090069452,0.247633287318303,0.256240651421654,0.243103285033813,0.240581248075448,0.468904709539252,0.245948697893982,0.24902292948463,0.533986448048301,0.233588702992796,0.26180828145077,0.238485454564603,0.243189402569818,0.262498985617092,0.247179210658491,0.257302939294863,0.254303405897039,0.248077638790749,0.245344636694048,0.267401542013196,0.247113646551748,0.240034237690495,0.23513656983582,0.250885405608642,0.258517719994709
"DE",0.300319445385234,0.608312473028422,0.571753484915239,0.442892966530796,0.254241538319286,0.43407161200414,0.809590072367872,0.27733030976961,1.0502698147359,0.805469572279204,0.595762830506257,0.246281985113871,0.720695246965002,0.596099126519739,0.816671343153826,0.682196546805414,0.524359321291619,0.636500418528798,0.648835575993447,0.695558935521099,0.603643533980328,0.813038810392407,0.89808935035704,0.721756105195236,0.711750573023127,0.520256095584993,0.671535313845954,0.700122029109699,0.571349551038843,0.650744618017239,0.799549510732872,0.582220403347783,0.252658280690296,0.486119087510001,0.556387460228243,0.838370491451156,0.400126832000734,0.684892934840235,0.896716899446125,0.801876238212205,0.697604866407829,0.59323156785886,0.60584682420828,0.237457748489857,0.414238894354022,0.884017475906982,0.791454720428688,0.630897953372777,0.811935471258088,0.677351599603087,0.566048879166193
"FL",0.347622122990238,0.481420499390372,0.477937941604249,0.705082646955125,0.403898191753994,0.459205538084198,0.750793560267331,0.252731854518784,0.805469572279204,1.02709744880103,0.376182299980666,0.387308312091826,0.56524336698326,0.529751366769821,0.750097407972227,0.570276646029473,0.455069728480897,0.541733490510555,0.432518651273624,0.595773562142905,0.451272820294357,0.693283497678898,0.745766888118293,0.580716328821836,0.577609701254579,0.351505028029652,0.573379897852022,0.545491728821017,0.427986360003395,0.547426487823247,0.685904530610212,0.698693884460664,0.477398242155726,0.743335539431134,0.64369297459048,0.701813679362604,0.446635592807975,0.705221189945891,0.804759586562654,0.775214348519044,0.533921636048793,0.490868705772069,0.513349872817421,0.331236457838086,0.300406860816025,0.625837249442406,0.595667988255126,0.650751679505167,0.677970001555533,0.616250367194476,0.494978702212218
"GA",0.251249940379272,0.853148581731217,0.727439188698182,0.223255125938822,0.245149829946524,0.232563233475743,0.236700498153155,0.256778982163917,0.595762830506257,0.376182299980666,1.04307655283304,0.240664620151906,0.478760987978331,0.443949153168568,0.268294607086159,0.622711109535559,0.507920171977185,0.641461903021108,0.962579895509039,0.24377298368863,0.387657269424188,0.35226632192938,0.583393532431752,0.389876381355953,0.642226010911518,0.958513847347213,0.421612747752318,0.814498018516389,0.471628050628575,0.43499013523042,0.283354645510201,0.267785859707231,0.265731048022779,0.239901270005827,0.273266382095092,0.592572514590732,0.579071285057863,0.299296221594674,0.47345958631455,0.236374195721587,0.878988676639865,0.47037428612739,0.744713033324086,0.260407978154777,0.244212042762606,0.597328336598813,0.24951111176511,0.223325512861407,0.430146111668354,0.598206433445581,0.487914721979547
"HI",0.270499282665864,0.267263184694953,0.257736501899553,0.584106996608349,0.899414332979716,0.249139061090021,0.329554507941998,0.308374501939169,0.246281985113871,0.387308312091826,0.240664620151906,1.02792350022943,0.237998709551328,0.240233637255809,0.269530517067341,0.242478661639553,0.250095014428109,0.249223640892247,0.263820011124094,0.293985218542814,0.246490639361067,0.245091069158911,0.240221801289951,0.244395165775691,0.245598455099773,0.242995409276422,0.241520719683232,0.255080628352264,0.25255904011237,0.243137661739846,0.248397672227965,0.532486719498306,0.898205840660378,0.620393442905829,0.487694081260717,0.240606512377042,0.250531210679677,0.244578261012411,0.242553266357035,0.294129662042997,0.259331431012985,0.248063539304671,0.256275102030716,0.639295919811389,0.244441394122566,0.257050412609017,0.249482337773079,0.272376169148069,0.24005214282498,0.245287768749932,0.252151626857809
"IA",0.796475389925068,0.742814180218857,0.850706396283217,0.552272106001161,0.235597206096044,0.742922827798374,0.586323993385075,0.244672234068079,0.720695246965002,0.56524336698326,0.478760987978331,0.237998709551328,1.01844520941126,0.973557047785892,0.597859805558715,0.970130976658486,0.935182512147353,0.940392931957406,0.618004448747417,0.545531978768927,0.246316427734866,0.921724301223406,0.942333966266873,0.971380768078417,0.969169271033494,0.570318065707084,0.994193604921096,0.818078955998494,0.964384669173365,0.980653622850081,0.890997652843147,0.289472508976221,0.260852481049823,0.386130477662155,0.273374493876577,0.961408825906537,0.79575122673995,0.940443225627763,0.909041960753541,0.703614032030352,0.737781007583414,0.978346064841888,0.852945152269064,0.264496186279366,0.696343593117305,0.780539077219256,0.842155876119822,0.812854268632356,0.980670711528134,0.953565280318662,0.952370096598455
"ID",0.875876918983711,0.715356364133018,0.844124456878525,0.616211440031335,0.239955716103093,0.78264967108054,0.496989933692392,0.249084543327173,0.596099126519739,0.529751366769821,0.443949153168568,0.240233637255809,0.973557047785892,1.01757805525487,0.55955100586295,0.970235330910133,0.965869042907259,0.937598178292744,0.587357982838066,0.479637070147265,0.236334502935728,0.819184196987249,0.876333024996398,0.931406846907346,0.946550825455652,0.528723178570072,0.947253239056392,0.755871584479105,0.984888621072835,1.00534000583068,0.804120991288763,0.274952363821471,0.264004115135408,0.43186615463434,0.276552325134547,0.916828826605629,0.866500061351331,0.919985500452815,0.852765295771347,0.655126588273614,0.679809238724002,0.979306819682161,0.849590586748292,0.299943972015916,0.801327738973887,0.683826730986581,0.711242117539528,0.797092827383573,0.920000654618016,0.931476085998119,0.975691342464523
"IL",0.337728766103742,0.267735550025563,0.323186204106371,0.712703323986082,0.445392397595128,0.690784454274974,0.896148023590942,0.310143891882549,0.816671343153826,0.750097407972227,0.268294607086159,0.269530517067341,0.597859805558715,0.55955100586295,1.0628843011711,0.546744370984296,0.457741164348481,0.456621803703753,0.309152176135073,0.893215269976,0.566136849240037,0.655862872074955,0.752543462192255,0.706500414800505,0.537184499734651,0.229738255041063,0.524145083648198,0.38202722703319,0.48832153613762,0.627399279562882,0.724031603311912,0.823827959331732,0.297963825604936,0.737530091386666,0.853114628988023,0.710748624927974,0.285901747918175,0.743390046446178,0.823528743949181,0.983320374242671,0.328138009637007,0.476126240429381,0.370493760046482,0.260128875027867,0.646763187856236,0.712473948953339,0.663572469733674,0.857434281450935,0.731613057706275,0.46436674515304,0.439199440802496
"IN",0.776678045888235,0.848598498719305,0.934396397254104,0.527721343593634,0.239267079674265,0.690200070975543,0.454128119050426,0.245872114581823,0.682196546805414,0.570276646029473,0.622711109535559,0.242478661639553,0.970130976658486,0.970235330910133,0.546744370984296,1.01149014412465,0.966363228148202,0.99457929003342,0.745734575306265,0.4193531674967,0.247656321278302,0.809900133328488,0.927386915175645,0.910122599041928,1.0005999334343,0.693266218702116,0.928380111844502,0.906138288357099,0.95634165624439,0.960574248954714,0.769949048699884,0.267497943231118,0.257492495381807,0.391464059344263,0.267783570594759,0.962210804646163,0.889216932177456,0.884036055146327,0.872150567184729,0.602265238195164,0.839339920524848,0.963267825787636,0.95100771464216,0.262745959647378,0.679520212327435,0.760911558041134,0.679920451400905,0.722595674692855,0.916172002280744,0.975977904198299,0.957346408662692
"KS",0.850708969747305,0.790331224665292,0.914861043444864,0.497379408088634,0.243261414111099,0.769852975993121,0.404992035881888,0.256890008294808,0.524359321291619,0.455069728480897,0.507920171977185,0.250095014428109,0.935182512147353,0.965869042907259,0.457741164348481,0.966363228148202,1.00805580741194,0.974018493885745,0.623724456242083,0.402198309681881,0.23448702029159,0.757634362750126,0.822265742145525,0.901693524209088,0.958606134202024,0.608001970677858,0.932580941395543,0.836389047990772,0.976573808042509,0.947257502805191,0.747055152738786,0.253187136715642,0.250807763052026,0.300899159046708,0.251211082232096,0.871811981240499,0.927721212846795,0.880570933541551,0.790962882564321,0.540745494630337,0.746162309062939,0.979219848891669,0.927381026523507,0.256046661569755,0.698066898407735,0.715262474346517,0.650233951381754,0.717463787994596,0.854056801460008,0.946919293524689,0.980857618550188
"KY",0.782283797312514,0.894980154824625,0.97668221794792,0.466068912727313,0.242454735413384,0.642883715633512,0.395641318772479,0.253009072426396,0.636500418528798,0.541733490510555,0.641461903021108,0.249223640892247,0.940392931957406,0.937598178292744,0.456621803703753,0.99457929003342,0.974018493885745,1.00996341947575,0.7615117388668,0.349262210850748,0.244420102058207,0.786701868965403,0.883180394764238,0.86763233385165,0.992092554270242,0.735456078022732,0.925552333010733,0.940148477131869,0.949952577958758,0.915215969641901,0.739245954950998,0.249491937883475,0.251803454522403,0.3249749372826,0.246772457566091,0.920024697193916,0.930132002474556,0.840946205084513,0.825057710311768,0.524788209742422,0.875520001989203,0.968241171442173,0.986602575289341,0.253966952932963,0.600960307381534,0.734999996520701,0.652661576390586,0.653792096249955,0.87139772421261,0.993247837604462,0.971751926725873
"LA",0.364936532855333,0.93746907384019,0.838944375422172,0.249435175227706,0.246101185596093,0.251633228258697,0.250144303128733,0.249424640648517,0.648835575993447,0.432518651273624,0.962579895509039,0.263820011124094,0.618004448747417,0.587357982838066,0.309152176135073,0.745734575306265,0.623724456242083,0.7615117388668,1.01686321507535,0.242675624564252,0.324763778455272,0.48863431378897,0.699160983670764,0.514148492412024,0.760323520930627,0.952747153487847,0.558742873329423,0.889598103504418,0.619542764643788,0.577218852998604,0.408400252336329,0.239217363524114,0.237833837559289,0.255706505975838,0.241336901363762,0.715700911862912,0.682623608079516,0.418001771704363,0.583838117736757,0.270296809235479,0.952308814195154,0.61562433379024,0.840802527109018,0.250152933114795,0.337317309326324,0.630006786655798,0.361430857729574,0.268730714670525,0.570969180970023,0.725231969423675,0.633951688125232
"MA",0.308873977186907,0.235945246457397,0.254605301335414,0.626391595376917,0.411475288711904,0.754692790768048,0.988637851945871,0.360236237628368,0.695558935521099,0.595773562142905,0.24377298368863,0.293985218542814,0.545531978768927,0.479637070147265,0.893215269976,0.4193531674967,0.402198309681881,0.349262210850748,0.242675624564252,1.05850104604452,0.554578767870446,0.690126066947813,0.633266580847126,0.695690614294982,0.442528692407659,0.22524608762492,0.529030944591315,0.276053447175557,0.451399616402919,0.568114374577017,0.782250498484454,0.868776963981428,0.300776712120814,0.566956806268102,0.803174208546046,0.5937300604414,0.236507182561909,0.694071336142239,0.733047976549178,0.932831611056268,0.254515829611001,0.433938285378475,0.27135191008981,0.249148108896196,0.597472911767722,0.704304189144755,0.76535828855416,0.843313805130728,0.677517156036961,0.379636315064266,0.397214948752936
"MD",0.218671985945606,0.262708571096602,0.2469429904483,0.261316273745383,0.277657286857721,0.265173309484742,0.566871361298888,0.764334122339808,0.603643533980328,0.451272820294357,0.387657269424188,0.246490639361067,0.246316427734866,0.236334502935728,0.566136849240037,0.247656321278302,0.23448702029159,0.244420102058207,0.324763778455272,0.554578767870446,1.08923790652933,0.277773079904535,0.344018817843216,0.267661054414395,0.25494106534123,0.267613906757428,0.241801303567485,0.263252780399282,0.238183747645497,0.248695934424775,0.319441227007255,0.66812479611923,0.245704518859807,0.287945615411759,0.709706180699978,0.289225948167315,0.23802779327747,0.262120294193161,0.375498450403374,0.466424341265722,0.268613626031899,0.234300800254479,0.251711220688141,0.239614347555183,0.265939443831647,0.519099578970509,0.336485886756521,0.283039230492301,0.272476770925262,0.244413155695911,0.234578098433734
"ME",0.623894182517066,0.616704005451247,0.68454636480563,0.536278475944451,0.250953991006335,0.679065195845953,0.778353687299131,0.236093886277244,0.813038810392407,0.693283497678898,0.35226632192938,0.245091069158911,0.921724301223406,0.819184196987249,0.655862872074955,0.809900133328488,0.757634362750126,0.786701868965403,0.48863431378897,0.690126066947813,0.277773079904535,1.01491283666592,0.914937458832931,0.922072789671637,0.839069622387453,0.43757903366926,0.935605627380837,0.708049934387555,0.812510467465529,0.858402039427228,0.996876579724751,0.448805732834121,0.265256220824823,0.409252518587787,0.359641479729341,0.897989906448385,0.598081485773542,0.903629954676581,0.932606936392507,0.807628501675224,0.647265299320133,0.846815574605013,0.694333960994982,0.244914584820161,0.542495569904212,0.803251408195675,0.979100233489639,0.818082441710993,0.966357094334359,0.851034609647342,0.819352316516388
"MI",0.599198377381463,0.75060600299999,0.793008807203597,0.566490061933491,0.254426149282394,0.670786915579506,0.70038896718694,0.240689515021262,0.89808935035704,0.745766888118293,0.583393532431752,0.240221801289951,0.942333966266873,0.876333024996398,0.752543462192255,0.927386915175645,0.822265742145525,0.883180394764238,0.699160983670764,0.633266580847126,0.344018817843216,0.914937458832931,1.00713977324322,0.931838301745518,0.93834101006823,0.601363660539253,0.894179657317855,0.841930858987908,0.846648125098376,0.909215021932271,0.89462153077639,0.443312515637202,0.257099742993617,0.497248548501642,0.423613949023049,1.00226949140995,0.690288177310876,0.905879610754845,0.988431276746197,0.797525087127918,0.792989792062432,0.859583541155953,0.825569858565414,0.252189516984369,0.639864532736018,0.875132148786679,0.826369770506474,0.802709305767115,0.977670060525461,0.89981058009124,0.83851435086893
"MN",0.725198831237849,0.635268674001472,0.745715019698789,0.576811982596031,0.256073733992742,0.854162069864112,0.699511257141553,0.238039924652974,0.721756105195236,0.580716328821836,0.389876381355953,0.244395165775691,0.971380768078417,0.931406846907346,0.706500414800505,0.910122599041928,0.901693524209088,0.86763233385165,0.514148492412024,0.695690614294982,0.267661054414395,0.922072789671637,0.931838301745518,1.01288371709062,0.9221318522066,0.447705909395343,0.948328374230901,0.733750984784209,0.923750220679453,0.971671878697828,0.94460230245507,0.415639729303097,0.250984424387642,0.409451191933648,0.378915833583358,0.949963838548835,0.711679787810785,0.978473734591334,0.943813161365419,0.800694042401691,0.640846865742629,0.91634092024882,0.77711135160601,0.247151013172157,0.761623842234097,0.855909715169188,0.874337449505157,0.899239706091753,0.982448185053032,0.870838730075734,0.889635684303112
"MO",0.725815372027348,0.86904643745345,0.933606758437401,0.479553373315741,0.238282769435277,0.681775579037611,0.483260261411036,0.243730855531986,0.711750573023127,0.577609701254579,0.642226010911518,0.245598455099773,0.969169271033494,0.946550825455652,0.537184499734651,1.0005999334343,0.958606134202024,0.992092554270242,0.760323520930627,0.442528692407659,0.25494106534123,0.839069622387453,0.93834101006823,0.9221318522066,1.01072564253636,0.708816498698824,0.943958854005527,0.931566458584667,0.948490971816054,0.948139877165271,0.80322425058822,0.267518538934076,0.251069100148503,0.344411768453841,0.262149633709171,0.971108795167404,0.86812004247853,0.875179098591794,0.885553176908957,0.602358320604509,0.869311024316237,0.955336817874273,0.96095389274515,0.255397373711405,0.639146885725635,0.825922162308546,0.716966841483373,0.70884259532825,0.920911105781493,0.981795974865318,0.952486662951255
"MS",0.382035608036694,0.941995878534516,0.841893584898089,0.236001524664253,0.276067495410577,0.249873899573168,0.221100827077254,0.235981520695603,0.520256095584993,0.351505028029652,0.958513847347213,0.242995409276422,0.570318065707084,0.528723178570072,0.229738255041063,0.693266218702116,0.608001970677858,0.735456078022732,0.952747153487847,0.22524608762492,0.267613906757428,0.43757903366926,0.601363660539253,0.447705909395343,0.708816498698824,1.04095604815585,0.539484350560641,0.879660139026926,0.573019414371229,0.499670820683703,0.344316043861799,0.254829454939478,0.248458238912798,0.238308207224355,0.264208405537248,0.622580270353055,0.713934969329338,0.375714589104864,0.483010103610307,0.233853028598977,0.927598141020918,0.592624726084785,0.825804702927855,0.244103470048971,0.258634998559734,0.53620888338186,0.312254802149478,0.253499771631135,0.493691424318687,0.7048571900158,0.607858374289786
"MT",0.798087449831553,0.737777335211125,0.843734286822654,0.52188197021307,0.2358801218216,0.739833938565755,0.588630975034963,0.249329090069452,0.671535313845954,0.573379897852022,0.421612747752318,0.241520719683232,0.994193604921096,0.947253239056392,0.524145083648198,0.928380111844502,0.932580941395543,0.925552333010733,0.558742873329423,0.529030944591315,0.241801303567485,0.935605627380837,0.894179657317855,0.948328374230901,0.943958854005527,0.539484350560641,1.02054344589104,0.800068818788794,0.950073442982005,0.946697603618723,0.90907482824674,0.283752014277875,0.258933095684114,0.331737883735092,0.260521942662004,0.912862662321574,0.808706510168331,0.928439610925792,0.879455555672537,0.669657612674424,0.720003490412403,0.980491613219443,0.843598209566235,0.261785501757062,0.619997808225738,0.767479835062589,0.859691262068983,0.782586693590771,0.948695432496933,0.962727922551025,0.965807329728379
"NC",0.546627294077991,0.985609975548943,0.967795784283325,0.287538916051882,0.247557113914661,0.437994677690807,0.332141198065423,0.247633287318303,0.700122029109699,0.545491728821017,0.814498018516389,0.255080628352264,0.818078955998494,0.755871584479105,0.38202722703319,0.906138288357099,0.836389047990772,0.940148477131869,0.889598103504418,0.276053447175557,0.263252780399282,0.708049934387555,0.841930858987908,0.733750984784209,0.931566458584667,0.879660139026926,0.800068818788794,1.03289113095653,0.791073701506054,0.743925967201045,0.636634596653604,0.237223532931253,0.239795192844345,0.260006800777377,0.234340626478004,0.862436062749143,0.831516437135511,0.676348890637626,0.755035499948175,0.403731196092146,0.995423424031549,0.8213611343702,0.987855281149036,0.241309815757461,0.375208611999444,0.776344443391932,0.574032905392271,0.465400408708324,0.761989376492266,0.923485039570063,0.826430241172957
"ND",0.870825668698886,0.755459257422639,0.880005387506717,0.505164182608538,0.238727307978138,0.74320868308583,0.458271945464215,0.256240651421654,0.571349551038843,0.427986360003395,0.471628050628575,0.25255904011237,0.964384669173365,0.984888621072835,0.48832153613762,0.95634165624439,0.976573808042509,0.949952577958758,0.619542764643788,0.451399616402919,0.238183747645497,0.812510467465529,0.846648125098376,0.923750220679453,0.948490971816054,0.573019414371229,0.950073442982005,0.791073701506054,1.00737344051355,0.97755113818495,0.797957501305895,0.253456252779116,0.249012686054484,0.312234800104604,0.249109469741889,0.890099207824289,0.862187964259172,0.869792440475144,0.810971701521419,0.593997147439803,0.714873570714851,0.993302925180293,0.878754117042849,0.256224321243754,0.768333272666604,0.703574958635215,0.728664872986402,0.745077012413063,0.897726351113477,0.932120423744008,0.991097316536247
"NE",0.818609400272881,0.68793021354124,0.805225428504509,0.607316838308051,0.240178781632499,0.814150951389134,0.576322210398864,0.243103285033813,0.650744618017239,0.547426487823247,0.43499013523042,0.243137661739846,0.980653622850081,1.00534000583068,0.627399279562882,0.960574248954714,0.947257502805191,0.915215969641901,0.577218852998604,0.568114374577017,0.248695934424775,0.858402039427228,0.909215021932271,0.971671878697828,0.948139877165271,0.499670820683703,0.946697603618723,0.743925967201045,0.97755113818495,1.01726424054197,0.858967034819615,0.325441739754599,0.259010048477559,0.429234866837556,0.309363480193891,0.944864858400688,0.801691706461015,0.941887026054413,0.895913651426673,0.721368714400049,0.667834496726408,0.960551785839483,0.82422302279654,0.266382179181742,0.822021943655954,0.756623453907204,0.769214248807523,0.842990815513823,0.952677598394333,0.908694462328237,0.951849971412341
"NH",0.602970965872774,0.538078862423495,0.616436140942151,0.556394785462248,0.262236472204114,0.761766433488499,0.842843498538712,0.240581248075448,0.799549510732872,0.685904530610212,0.283354645510201,0.248397672227965,0.890997652843147,0.804120991288763,0.724031603311912,0.769949048699884,0.747055152738786,0.739245954950998,0.408400252336329,0.782250498484454,0.319441227007255,0.996876579724751,0.89462153077639,0.94460230245507,0.80322425058822,0.344316043861799,0.90907482824674,0.636634596653604,0.797957501305895,0.858967034819615,1.01831948477558,0.52519723139788,0.253381467522617,0.42080200825117,0.437282938410075,0.877998026880232,0.555810058518053,0.92521293617136,0.943564482061665,0.864984380470116,0.566435540392265,0.81659672887461,0.640464950283583,0.236863374389543,0.607936093752702,0.83981368076563,0.985630110884974,0.871634144831725,0.957510518149281,0.795443963621542,0.790186942030418
"NJ",0.221237131933327,0.226893368775254,0.228245272153111,0.668479867120431,0.650021190833644,0.532848802801424,0.850201770046939,0.468904709539253,0.582220403347783,0.698693884460664,0.267785859707231,0.532486719498306,0.289472508976221,0.274952363821471,0.823827959331732,0.267497943231118,0.253187136715642,0.249491937883475,0.239217363524114,0.868776963981428,0.66812479611923,0.448805732834121,0.443312515637202,0.415639729303097,0.267518538934076,0.254829454939478,0.283752014277875,0.237223532931253,0.253456252779116,0.325441739754599,0.52519723139788,1.0765652071731,0.509706727752089,0.723440279062452,1.00741524987554,0.394182399705674,0.221335013923223,0.489124833235245,0.549433255464642,0.79814375774739,0.231414735273913,0.258631850285085,0.233102359427814,0.301022170119152,0.384972037478262,0.481651059395683,0.48982008745905,0.6462635887448,0.435426937609224,0.262861056576267,0.252125029154582
"NM",0.427846935353446,0.239169644974321,0.244330829468201,0.729133796119945,0.811247614476275,0.287148194343247,0.356227750723589,0.245948697893982,0.252658280690296,0.477398242155726,0.265731048022779,0.898205840660378,0.260852481049823,0.264004115135408,0.297963825604936,0.257492495381807,0.250807763052026,0.251803454522403,0.237833837559289,0.300776712120814,0.245704518859807,0.265256220824823,0.257099742993617,0.250984424387642,0.251069100148503,0.248458238912798,0.258933095684114,0.239795192844345,0.249012686054484,0.259010048477559,0.253381467522617,0.509706727752089,1.03845083248676,0.723895579994677,0.451547725814726,0.255348967654695,0.257103353612951,0.3098302007333,0.257174185979022,0.374485772901583,0.239931865198217,0.255693344707066,0.241981602880878,0.712542996060233,0.250226651800611,0.231247507090239,0.259497550851584,0.383595622681439,0.259439626017926,0.257715022185997,0.253253919761642
"NV",0.439524521089025,0.235891944397664,0.258533550210763,0.968703318993306,0.762181223530437,0.479018554956784,0.593702225850513,0.24902292948463,0.486119087510001,0.743335539431134,0.239901270005827,0.620393442905829,0.386130477662155,0.43186615463434,0.737530091386666,0.391464059344263,0.300899159046708,0.3249749372826,0.255706505975838,0.566956806268102,0.287945615411759,0.409252518587787,0.497248548501642,0.409451191933648,0.344411768453841,0.238308207224355,0.331737883735092,0.260006800777377,0.312234800104604,0.429234866837556,0.42080200825117,0.723440279062452,0.723895579994677,1.05421137459084,0.765538120239232,0.477547553900611,0.335979886901128,0.534900985054308,0.545681940889453,0.714118943243804,0.250781240131647,0.327485865933944,0.264486185118731,0.701707765735949,0.525707674586475,0.277546397353419,0.352245595087451,0.659727181785409,0.482571106866161,0.347215346754582,0.316859341254237
"NY",0.226750223606729,0.225239950190247,0.227190262536222,0.669544031549853,0.69414561449947,0.499634173435683,0.755844563584403,0.533986448048301,0.556387460228243,0.64369297459048,0.273266382095092,0.487694081260717,0.273374493876577,0.276552325134547,0.853114628988023,0.267783570594759,0.251211082232096,0.246772457566091,0.241336901363762,0.803174208546046,0.709706180699978,0.359641479729341,0.423613949023049,0.378915833583358,0.262149633709171,0.264208405537248,0.260521942662004,0.234340626478004,0.249109469741889,0.309363480193891,0.437282938410075,1.00741524987554,0.451547725814726,0.765538120239232,1.062444126034,0.381135283758756,0.239749241630693,0.444256621578084,0.513916414070739,0.759262975050714,0.228467122106973,0.248654234552445,0.233941367496239,0.373696167157369,0.440182065308192,0.44696575052476,0.390254300031941,0.609116640425803,0.395210455708107,0.250997353237328,0.243812970816112
"OH",0.643060245002127,0.778284236221453,0.829685188277015,0.567593269198541,0.252176955558116,0.701419264902577,0.643494461092187,0.233588702992796,0.838370491451156,0.701813679362604,0.592572514590732,0.240606512377042,0.961408825906537,0.916828826605629,0.710748624927974,0.962210804646163,0.871811981240499,0.920024697193916,0.715700911862912,0.5937300604414,0.289225948167315,0.897989906448385,1.00226949140995,0.949963838548835,0.971108795167404,0.622580270353055,0.912862662321574,0.862436062749143,0.890099207824289,0.944864858400688,0.877998026880232,0.394182399705674,0.255348967654695,0.477547553900611,0.381135283758756,1.01360337760722,0.74359539534862,0.917152122205065,0.975817434017314,0.761014910872634,0.80861610078017,0.893841629286424,0.865774479815224,0.254574029614231,0.682967277649585,0.863110982958196,0.79389825419378,0.805078649898963,0.978799511539133,0.925453324525797,0.879007873353037
"OK",0.847067311785784,0.862317075646739,0.951884580363256,0.489109277062191,0.265512346203666,0.600839642742583,0.247114187333845,0.26180828145077,0.400126832000734,0.446635592807975,0.579071285057863,0.250531210679677,0.79575122673995,0.866500061351331,0.285901747918175,0.889216932177456,0.927721212846795,0.930132002474556,0.682623608079516,0.236507182561909,0.23802779327747,0.598081485773542,0.690288177310876,0.711679787810785,0.86812004247853,0.713934969329338,0.808706510168331,0.831516437135511,0.862187964259172,0.801691706461015,0.555810058518053,0.221335013923223,0.257103353612951,0.335979886901128,0.239749241630693,0.74359539534862,1.04808738312023,0.730180430102702,0.64353265534997,0.341165305735283,0.774456950679213,0.888221584109288,0.930311157345958,0.401694314307825,0.561936486804092,0.533298726098363,0.445458351039266,0.521879922232588,0.691661189077766,0.904039998052174,0.910253807878346
"OR",0.769830003989673,0.576080405782051,0.712549250246367,0.701384417524324,0.270553214726625,0.880254686071498,0.721648389231621,0.238485454564603,0.684892934840235,0.705221189945891,0.299296221594674,0.244578261012411,0.940443225627763,0.919985500452815,0.743390046446178,0.884036055146327,0.880570933541551,0.840946205084513,0.418001771704363,0.694071336142239,0.262120294193161,0.903629954676581,0.905879610754845,0.978473734591334,0.875179098591794,0.375714589104864,0.928439610925792,0.676348890637626,0.869792440475144,0.941887026054413,0.92521293617136,0.489124833235245,0.3098302007333,0.534900985054308,0.444256621578084,0.917152122205065,0.730180430102702,1.03328304143709,0.945783607458253,0.842695627667435,0.570912034202108,0.892295331539304,0.735204901040696,0.258318592947239,0.716695529024428,0.761014005470874,0.833615048512353,0.948487383231273,0.964786515691838,0.860898295916083,0.86381193583142
"PA",0.582216338877568,0.657594083474118,0.712677578322675,0.621803773818041,0.269205887564335,0.741039008280165,0.798302134532291,0.243189402569818,0.896716899446125,0.804759586562654,0.47345958631455,0.242553266357035,0.909041960753541,0.852765295771347,0.823528743949181,0.872150567184729,0.790962882564321,0.825057710311768,0.583838117736757,0.733047976549178,0.375498450403374,0.932606936392507,0.988431276746197,0.943813161365419,0.885553176908957,0.483010103610307,0.879455555672537,0.755035499948175,0.810971701521419,0.895913651426673,0.943564482061665,0.549433255464642,0.257174185979022,0.545681940889453,0.513916414070739,0.975817434017314,0.64353265534997,0.945783607458253,1.01351048646701,0.879852617058984,0.698418328209545,0.826069756449046,0.752881578864264,0.246414792853584,0.65753542493956,0.880574480270404,0.862069019688245,0.869079141824594,0.978402130897649,0.85419147216,0.806554921575622
"RI",0.480558260553592,0.296033895532136,0.375391541694799,0.770116982641915,0.403250335850424,0.777028275565185,0.970547519069699,0.262498985617092,0.801876238212205,0.775214348519044,0.236374195721587,0.294129662042997,0.703614032030352,0.655126588273614,0.983320374242671,0.602265238195164,0.540745494630337,0.524788209742422,0.270296809235479,0.932831611056268,0.466424341265722,0.807628501675224,0.797525087127918,0.800694042401691,0.602358320604509,0.233853028598977,0.669657612674424,0.403731196092146,0.593997147439803,0.721368714400049,0.864984380470116,0.79814375774739,0.374485772901583,0.714118943243804,0.759262975050714,0.761014910872634,0.341165305735283,0.842695627667435,0.879852617058984,1.04718892358093,0.343166939939145,0.594997903493462,0.410176937845581,0.254845387909272,0.678564104561795,0.719802495308559,0.818816774246203,0.963573106971319,0.829264394016809,0.564591135547901,0.560888018980292
"SC",0.451158046633847,1.00497990856433,0.937056767563191,0.257627618009448,0.254630779398628,0.316935587127334,0.287849489843282,0.247179210658491,0.697604866407829,0.533921636048793,0.878988676639865,0.259331431012985,0.737781007583414,0.679809238724002,0.328138009637007,0.839339920524848,0.746162309062939,0.875520001989203,0.952308814195154,0.254515829611001,0.268613626031899,0.647265299320133,0.792989792062432,0.640846865742629,0.869311024316237,0.927598141020918,0.720003490412403,0.995423424031549,0.714873570714851,0.667834496726408,0.566435540392265,0.231414735273913,0.239931865198217,0.250781240131647,0.228467122106973,0.80861610078017,0.774456950679213,0.570912034202108,0.698418328209545,0.343166939939145,1.03196944322415,0.741231608021298,0.94691515202245,0.248091971611468,0.310756326483882,0.730202603224266,0.508243959764662,0.361205277767648,0.689621840100376,0.865043542579488,0.75717848365697
"SD",0.877310117271434,0.780003608929397,0.906318247857645,0.518638421051887,0.239670436858912,0.724596002657931,0.469569481951195,0.257302939294863,0.59323156785886,0.490868705772069,0.47037428612739,0.248063539304671,0.978346064841888,0.979306819682161,0.476126240429381,0.963267825787636,0.979219848891669,0.968241171442173,0.61562433379024,0.433938285378475,0.234300800254479,0.846815574605013,0.859583541155953,0.91634092024882,0.955336817874273,0.592624726084785,0.980491613219443,0.8213611343702,0.993302925180293,0.960551785839483,0.81659672887461,0.258631850285085,0.255693344707066,0.327485865933944,0.248654234552445,0.893841629286424,0.888221584109288,0.892295331539304,0.826069756449046,0.594997903493462,0.741231608021298,1.00718553926183,0.896148006171318,0.259793322146143,0.688924721825746,0.69054931086551,0.753173240878301,0.741802887600882,0.909722554229147,0.969133865501242,1.00105794001289
"TN",0.68199737722578,0.963748104020634,1.00120440338387,0.363400882564929,0.246529860957702,0.541021678921239,0.302980708128297,0.254303405897039,0.60584682420828,0.513349872817421,0.744713033324086,0.256275102030716,0.852945152269064,0.849590586748292,0.370493760046482,0.95100771464216,0.927381026523507,0.986602575289341,0.840802527109018,0.27135191008981,0.251711220688141,0.694333960994982,0.825569858565414,0.77711135160601,0.96095389274515,0.825804702927855,0.843598209566235,0.987855281149036,0.878754117042849,0.82422302279654,0.640464950283583,0.233102359427814,0.241981602880878,0.264486185118731,0.233941367496239,0.865774479815224,0.930311157345958,0.735204901040696,0.752881578864264,0.410176937845581,0.94691515202245,0.896148006171318,1.01508807523291,0.243756697394474,0.495201461435966,0.732606957934384,0.547423046101722,0.524912843981681,0.776254691860347,0.95833252463446,0.912504566026175
